
76561198078489763
76561198149654898
76561198136094695
76561198102862655
76561198183685354
76561198257525586
76561198154245896
76561198153870891
76561198020725450
76561198075016668
76561198254061767
76561198015228000
76561198302622903
76561197985914782
76561198311735990
76561198256227366
76561198000663833
76561198008555274
76561198084930744
76561198163912314
76561198226063388
76561198218735807


76561198145815153
76561198020415154
76561198357540330
76561197984435604
76561198084298026

76561198235936704

76561198152422453
76561198140201516
76561198116078442
76561198088235446
76561198056905436
76561198203886908
76561198064468806
76561198136313797
76561198249004724
